<?xml version="1.0"?>
<opencv_storage>
<my_detector_4 type_id="opencv-object-detector-hog">
  <winSize>
    64 64</winSize>
  <blockSize>
    16 16</blockSize>
  <blockStride>
    8 8</blockStride>
  <cellSize>
    8 8</cellSize>
  <nbins>9</nbins>
  <derivAperture>1</derivAperture>
  <winSigma>4.</winSigma>
  <histogramNormType>0</histogramNormType>
  <L2HysThreshold>2.0000000000000001e-01</L2HysThreshold>
  <gammaCorrection>1</gammaCorrection>
  <nlevels>64</nlevels>
  <signedGradient>0</signedGradient>
  <SVMDetector>
    5.84982708e-02 1.75692923e-02 -3.51731405e-02 -2.05041785e-02
    -2.65519284e-02 -2.04290226e-02 -3.01532038e-02 -2.11259834e-02
    2.15727780e-02 4.23918068e-02 6.25879737e-03 -3.30007002e-02
    -1.43290106e-02 -2.86084991e-02 -1.79196727e-02 -2.24279966e-02
    -2.12206468e-02 1.12485969e-02 4.45372574e-02 1.09414691e-02
    -4.32172753e-02 -3.05066779e-02 -2.09335722e-02 -1.66280065e-02
    -2.37667467e-02 -1.24057271e-02 1.82236433e-02 3.53171714e-02
    4.90010716e-03 -4.12638113e-02 -2.22165771e-02 -3.15565765e-02
    -1.27151860e-02 -1.96425840e-02 -1.91957001e-02 1.53050171e-02
    3.30681242e-02 -3.72310448e-03 -1.34522291e-02 -7.48700928e-03
    -1.46444794e-02 -2.23055948e-03 6.80631201e-04 -1.81275443e-03
    1.09640956e-02 9.82679054e-03 -7.55117368e-03 -1.36930505e-02
    -8.93203169e-03 -2.36137267e-02 -2.37283227e-03 -1.91941625e-03
    1.07625755e-03 3.32846912e-03 2.05623582e-02 1.08123932e-03
    -2.35606655e-02 -9.45202261e-03 -2.34977063e-02 -1.55206479e-04
    -7.85373675e-04 -7.36356992e-03 9.87615436e-03 -4.99479007e-03
    -1.13308979e-02 -1.82491057e-02 -1.32545019e-02 -3.02913375e-02
    -8.32553301e-03 -7.23607512e-03 -7.53325131e-03 -8.15811753e-03
    2.55407374e-02 7.30703538e-03 -1.21443328e-02 -7.98201934e-03
    -1.05308397e-02 7.25747319e-04 1.18189743e-02 2.01025102e-02
    1.86762288e-02 1.75501108e-02 4.88888193e-03 -1.41319744e-02
    -2.79536340e-02 -3.27262357e-02 -5.37950965e-03 6.24222355e-03
    3.48804821e-03 1.11845916e-03 7.61767849e-03 7.51098618e-03
    1.07422192e-02 3.25064431e-03 -4.96784784e-03 4.56863409e-03
    7.57540530e-03 1.00069279e-02 4.35473211e-03 1.15200900e-03
    -9.04721150e-04 2.39450508e-03 -7.18632992e-03 -2.21888851e-02
    -6.60729362e-04 2.40987007e-04 -6.64168876e-03 -1.60988122e-02
    1.37363933e-02 1.44811375e-02 1.64916907e-02 -1.39539978e-02
    -1.25178015e-02 -2.74652825e-03 5.62525261e-03 2.85034697e-03
    4.92617162e-03 -1.14964310e-03 5.29413112e-03 2.10668985e-02
    3.15749529e-03 -3.14243115e-03 -3.93203553e-03 2.01739511e-03
    -7.13176792e-03 -6.22801762e-03 7.94385374e-03 1.23257795e-02
    3.53335254e-02 9.38340928e-03 -1.53536361e-03 2.58382736e-03
    1.20159024e-02 3.15936422e-03 -6.20276527e-03 -1.46453129e-02
    1.26981921e-02 1.94145441e-02 1.88171081e-02 4.80956817e-03
    -4.50055348e-03 4.12422512e-03 -8.61183461e-03 -1.53558319e-02
    1.01427059e-03 1.60494465e-02 2.43968312e-02 1.43354563e-02
    5.34378039e-03 -3.53183318e-03 -5.52819716e-03 -9.38227028e-03
    -2.39040311e-02 -1.35652358e-02 2.27114968e-02 2.95823645e-02
    1.77758839e-02 -3.98705574e-03 -1.07259827e-03 -4.65402100e-03
    -1.71866398e-02 -2.95211244e-02 -4.41818312e-03 1.71878245e-02
    1.89771522e-02 1.43121462e-02 8.67227092e-03 1.36064729e-04
    -5.01171639e-03 -1.43247750e-02 -2.35428605e-02 -2.20173001e-02
    2.64718104e-03 1.71182901e-02 5.43869799e-03 -1.03854863e-02
    -2.47706333e-03 -5.08036418e-03 -2.04036217e-02 -3.51451188e-02
    -1.25612144e-03 2.29011644e-02 1.76038388e-02 6.48851600e-03
    -6.73021423e-03 -2.24149833e-03 -1.07306882e-03 -4.62368922e-03
    -1.19716823e-02 5.11566689e-03 2.51041446e-02 1.92529671e-02
    -1.20084267e-03 -1.37492167e-02 -1.58464648e-02 -1.56590957e-02
    -1.49416430e-02 -1.70650389e-02 -1.24107888e-02 1.20887123e-02
    2.00724285e-02 2.89821858e-03 -1.42052500e-02 -7.44061545e-03
    -3.99265578e-03 -1.10398885e-02 -2.28429977e-02 -4.42696828e-03
    2.07113530e-02 2.66669467e-02 8.38341564e-03 -1.98405925e-02
    -2.44393051e-02 -1.94704197e-02 -1.35444310e-02 -1.00639286e-02
    -2.85258354e-03 2.29493808e-02 3.06975693e-02 1.32678617e-02
    -7.69773219e-03 -1.14982883e-02 -4.81168414e-03 -1.34958932e-02
    -2.25536004e-02 -1.33075435e-02 1.43568898e-02 3.04417610e-02
    1.77849550e-02 -1.19211990e-02 -2.32276204e-03 -3.91703937e-03
    -1.02570746e-02 -2.26474553e-02 -4.82406141e-03 1.90073736e-02
    3.29412371e-02 2.39677615e-02 -9.60403867e-03 -1.81026869e-02
    -3.85660981e-03 -1.14023527e-02 -7.91917555e-03 -1.38694076e-02
    3.51792830e-03 2.12176163e-02 1.23824300e-02 -3.27324553e-04
    7.04785460e-04 3.29168001e-03 -5.55226719e-03 -7.34942639e-03
    4.50519845e-02 1.33170839e-02 -3.80028822e-02 -2.02865954e-02
    -1.39004653e-02 -8.38421192e-03 -2.02227961e-02 -1.28010185e-02
    8.85596219e-03 4.02440652e-02 8.50364938e-03 -3.59680317e-02
    -1.58525538e-02 -2.07954999e-02 -5.62760048e-03 -1.85126737e-02
    -2.26782691e-02 1.19164111e-02 4.93467376e-02 1.57889053e-02
    -4.00307812e-02 -2.65439972e-02 -2.63691116e-02 -2.32786518e-02
    -2.61755381e-02 -2.58090161e-02 9.15293675e-03 3.62880267e-02
    1.27755059e-02 -3.78933139e-02 -2.36879475e-02 -3.85057516e-02
    -1.02263186e-02 -2.46548429e-02 -3.74610871e-02 3.72475223e-03
    2.92180814e-02 3.47385788e-03 -2.27844175e-02 -7.36816460e-03
    -1.75906215e-02 2.19721370e-03 -5.76543994e-03 -1.60733908e-02
    6.77175261e-03 5.50190313e-03 5.06116950e-04 -9.54575744e-03
    -3.82193853e-03 -2.24119760e-02 -4.01029410e-03 -7.93093257e-03
    -1.86226442e-02 -1.38973668e-02 2.33852342e-02 1.20446524e-02
    -2.20094323e-02 -1.26719140e-02 -2.53422204e-02 -1.44937309e-03
    -9.70676262e-03 -2.57798471e-02 -3.96230305e-03 5.55765582e-04
    -3.96565680e-04 -1.44395595e-02 -5.38518652e-03 -2.27065831e-02
    -1.64099340e-03 -9.82517842e-03 -1.78890042e-02 -1.04795955e-02
    1.24162287e-02 2.07051896e-02 1.79230645e-02 9.09749325e-03
    -7.65883131e-03 6.56559423e-04 -3.63270566e-03 -2.36210646e-03
    -6.06073160e-03 -1.92004687e-03 8.15001316e-03 1.03308409e-02
    -9.45442705e-04 -2.16356236e-02 -5.57100028e-03 -8.18870217e-03
    -1.35614667e-02 -1.53721385e-02 1.63537003e-02 1.93378478e-02
    1.50778033e-02 8.86313152e-03 -8.25616531e-03 6.72841212e-03
    -2.50053685e-03 -5.09393634e-03 3.02922796e-03 -8.02152138e-03
    1.14133535e-02 8.62463843e-03 -1.01889027e-02 -1.68232061e-02
    -2.87283183e-04 -5.41169802e-03 -1.47679346e-02 -1.75841935e-02
    -3.64276790e-03 7.38470489e-03 2.80670263e-02 1.79715715e-02
    -7.92636536e-03 -5.50712401e-04 7.97837600e-03 1.44705933e-03
    -1.48929264e-02 -1.57065727e-02 1.79312797e-03 1.56046357e-02
    9.84858349e-03 -3.99263762e-03 -5.42236725e-03 1.93260657e-03
    -4.27821046e-03 -2.31350511e-02 -3.81344021e-03 2.97301859e-02
    3.57277170e-02 1.10963797e-02 2.68957485e-03 4.87953145e-03
    8.14419799e-03 7.24527199e-05 -1.57044772e-02 -7.82428309e-03
    2.15887949e-02 2.20988821e-02 -1.18050251e-04 -1.56963859e-02
    -5.50926477e-03 5.10552991e-03 -3.95345921e-03 -1.59939993e-02
    -1.00857345e-02 1.86794829e-02 2.44366974e-02 1.55975968e-02
    5.35667362e-03 1.63465401e-03 -4.60175378e-03 -1.01051349e-02
    -2.01749876e-02 -1.99497920e-02 1.46617731e-02 1.99991763e-02
    3.35982698e-03 -6.17614202e-03 -2.59286072e-03 -8.48484319e-03
    -2.14205831e-02 -3.45612429e-02 -1.49913151e-02 2.06022281e-02
    2.89513692e-02 1.24151865e-02 -2.25395989e-03 -2.13595526e-03
    2.04897660e-04 -3.69819533e-03 -2.18754876e-02 -2.25473754e-02
    1.07442532e-02 1.85644347e-02 -2.63120909e-03 -1.12724025e-02
    -4.49558301e-03 -1.02651455e-02 -1.33148888e-02 -3.17490064e-02
    -8.22536275e-03 2.08068993e-02 2.78706327e-02 4.37502377e-03
    -3.62809631e-03 -8.46165046e-03 -9.91982874e-03 -1.74352322e-02
    -2.22185664e-02 -3.95587937e-04 2.47377753e-02 2.76251379e-02
    1.23368772e-02 -1.73643827e-02 -2.04485152e-02 -1.15312664e-02
